2021-06-12 2021-08-24
12
6
1 2 3 4 5 8 9 10 12 17 18 19 20 21 22 23 24 26 27 29 32 34 37 38 40 41 44 45 49 51 53 67 68
12
1 2 3del 5abc 6 7 8aegh 9 10 11 13 14 15 17 18a 20 22a 23b 24ad 25ab 26d 27ac 28ab 30a 32 33a 34bd 35abf 36 38 39 40
6
13 30 33 35 43 65 
12
19 31a
13
1abcd 3 4 7 9 10 11 12 14 15ab 16a 20ab 21a 22 23 24 25 27ab 28 31ad
12
33b 43
13
18a 19b 33 34
14
2 3 4 8 10 12 14 16 17 19 26 27 29 31 34 37 38 39 40 44 58
13
29 35 39 44 52 
14
9 11
15
1 2 4cd 5 6 8c 10 12 15 17 19 21 22a 24 27 31 32 33 34 36 37 38 39 40 41 42 47abd 49abc 50 53 54be 56a 57 60 61ab
14
21 33 35 
15
7b 18 28
11
1 3 4 6 7 10 15bd 17ac 20 21 22 30 31ab 39 41 42 26 35 55 59 
11
11 13 17b 18 28 29 35 36